# 正方形 Mesh - Node Coordinates (x, y)
# 49 nodes
0.000000 0.000000
0.166667 0.000000
0.333333 0.000000
0.500000 0.000000
0.666667 0.000000
0.833333 0.000000
1.000000 0.000000
0.000000 0.166667
0.166667 0.166667
0.333333 0.166667
0.500000 0.166667
0.666667 0.166667
0.833333 0.166667
1.000000 0.166667
0.000000 0.333333
0.166667 0.333333
0.333333 0.333333
0.500000 0.333333
0.666667 0.333333
0.833333 0.333333
1.000000 0.333333
0.000000 0.500000
0.166667 0.500000
0.333333 0.500000
0.500000 0.500000
0.666667 0.500000
0.833333 0.500000
1.000000 0.500000
0.000000 0.666667
0.166667 0.666667
0.333333 0.666667
0.500000 0.666667
0.666667 0.666667
0.833333 0.666667
1.000000 0.666667
0.000000 0.833333
0.166667 0.833333
0.333333 0.833333
0.500000 0.833333
0.666667 0.833333
0.833333 0.833333
1.000000 0.833333
0.000000 1.000000
0.166667 1.000000
0.333333 1.000000
0.500000 1.000000
0.666667 1.000000
0.833333 1.000000
1.000000 1.000000
